0.917918860912323
1.1072651147842407
0.8765835762023926
0.6993438005447388
0.7749215960502625
0.5377905368804932
1.1900358200073242
0.8675574064254761
0.6913084983825684
0.5834499001502991
0.8611536026000977
0.6578032970428467
1.1664975881576538
0.7212510108947754
2.8909730911254883
0.6606996059417725
0.9050074219703674
0.6955022215843201
2.5697214603424072
0.7938405275344849
0.7398789525032043
0.632775068283081
0.6717507243156433
0.6238603591918945
0.7221673727035522
0.5886520147323608
0.6276402473449707
0.7065775990486145
0.6270766258239746
0.6158746480941772
0.6521033644676208
0.7200818061828613
0.7069766521453857
0.6566557884216309
0.5857183933258057
0.6857213377952576
0.6131735444068909
0.6688525676727295
0.5442886352539062
0.9282621145248413
0.5664109587669373
0.46378377079963684
0.4693056344985962
0.5920255780220032
0.3951164186000824
0.5655872821807861
0.49276357889175415
0.5771368741989136
0.36023372411727905
0.3160873055458069
0.309697687625885
0.2857486307621002
0.22960823774337769
0.21761246025562286
0.09380326420068741
0.47904878854751587
0.6154937148094177
0.25963094830513
0.5191713571548462
0.1329030841588974
0.30465227365493774
0.06882216781377792
0.48738616704940796
0.11203504353761673
0.12447933852672577
0.04441673308610916
0.08564866334199905
0.3759676516056061
0.15448760986328125
0.020534295588731766
0.024526413530111313
0.6319270730018616
0.09098797291517258
0.6322073936462402
0.34512609243392944
0.07428637146949768
0.08673965185880661
0.029846832156181335
0.4704090654850006
0.33207327127456665
0.041557420045137405
0.8439580202102661
0.04496597498655319
0.22684521973133087
0.07443434000015259
0.047818709164857864
0.010012307204306126
0.5584148168563843
0.16032157838344574
0.20149561762809753
0.11096368730068207
0.11947854608297348
0.947219967842102
0.04631848633289337
0.02985522523522377
0.08056052029132843
0.07746237516403198
0.5607082843780518
0.2579905390739441
0.16152256727218628
0.07905659824609756
0.5094749927520752
0.31487807631492615
0.46846479177474976
0.19800613820552826
0.15240298211574554
0.18717215955257416
0.014698509126901627
0.03246014565229416
0.1530255526304245
0.020795214921236038
0.04576263949275017
0.12578590214252472
0.008157158270478249
0.2083752304315567
0.0141523452475667
0.0037871534004807472
0.35581091046333313
0.006725935265421867
0.00628247857093811
0.023907434195280075
0.012495378032326698
0.0180418249219656
0.6655937433242798
0.008437520824372768
0.18496011197566986
0.07661282271146774
0.1957167088985443
0.18931157886981964
0.060715265572071075
0.49156686663627625
0.08684755861759186
0.18270361423492432
0.05805138126015663
0.02078678086400032
0.3852856159210205
0.01744147203862667
0.3814140558242798
0.07346389442682266
0.042735081166028976
0.0612676665186882
0.08324076235294342
0.021472718566656113
0.018538588657975197
0.46460551023483276
0.07986531406641006
0.006959087215363979
0.3573826849460602
0.041931454092264175
0.044674139469861984
0.13110323250293732
0.1519041657447815
0.09961246699094772
0.013320381753146648
0.11820162832736969
0.12961581349372864
0.017006346955895424
0.06459485739469528
0.016198894008994102
0.0070093777030706406
0.023877985775470734
0.4979959726333618
0.005060871597379446
0.1729012429714203
0.043388597667217255
0.27158334851264954
0.2564454674720764
0.020682264119386673
0.010162333957850933
0.11901786178350449
0.062269680202007294
0.0314074382185936
0.024696197360754013
0.08257384598255157
0.04100644960999489
0.018483832478523254
0.06849655508995056
0.004470922984182835
0.002341323532164097
0.20111070573329926
0.0008387268171645701
0.005886494182050228
0.008861769922077656
0.08046083897352219
0.10119102150201797
0.021537315100431442
0.01192142441868782
0.0028371077496558428
0.005505142733454704
0.042978040874004364
0.015164180658757687
0.01484028622508049
0.019181711599230766
0.035936810076236725
0.013084189034998417
0.01892618089914322
0.1570056676864624
0.020426027476787567
0.05123695731163025
0.004915647208690643
