0.988292396068573
1.0888181924819946
1.220116376876831
1.3776136636734009
0.6047765016555786
0.891023576259613
0.8841196894645691
0.6967252492904663
0.825097918510437
0.6743546724319458
0.641657292842865
0.697045087814331
0.7362746000289917
0.6404405236244202
0.6305695176124573
0.6012575030326843
0.610694944858551
0.6656472682952881
0.6853082776069641
0.626663088798523
0.48132577538490295
0.7561465501785278
0.43391984701156616
0.6380981802940369
0.590703010559082
0.4683639109134674
0.37354958057403564
0.4550517797470093
0.524382472038269
0.48626434803009033
0.510534942150116
0.4809950888156891
0.3290056586265564
0.7819275856018066
0.33845755457878113
0.3211807608604431
0.3268755078315735
0.15827752649784088
0.2995483875274658
0.4130384624004364
0.18726202845573425
0.14704367518424988
0.36923596262931824
0.20765000581741333
0.488887220621109
0.05953821539878845
0.0950816348195076
0.4299098551273346
0.21540558338165283
0.045074597001075745
0.4793814420700073
0.04484347626566887
0.5336206555366516
0.08574002236127853
0.47492632269859314
0.1347327083349228
0.23436938226222992
0.186577707529068
0.19677191972732544
0.23466841876506805
0.6172192692756653
0.17550866305828094
0.08040737360715866
0.17735309898853302
0.0252272617071867
0.03822122514247894
0.03271295130252838
0.23130382597446442
0.13220851123332977
0.045594681054353714
0.053605154156684875
0.4779036343097687
0.11160869896411896
0.2952175736427307
0.19218266010284424
0.41985389590263367
0.18171930313110352
0.6190530061721802
0.0945202112197876
0.13483315706253052
0.3261861503124237
0.20355238020420074
0.3095818758010864
0.2988518178462982
0.06036330386996269
0.07934651523828506
0.05559387430548668
0.09840982407331467
0.005003354046493769
0.21388879418373108
0.022034047171473503
0.08238980919122696
0.037674009799957275
0.27628517150878906
0.01233280636370182
0.02772180736064911
0.029018308967351913
0.09318575263023376
0.13323377072811127
0.08223765343427658
0.5113796591758728
0.01362587884068489
0.023044662550091743
0.0025285144802182913
0.00699215941131115
0.003501069499179721
0.013644712045788765
0.5391684174537659
0.886530876159668
0.01722000166773796
0.010748094879090786
0.031941529363393784
0.8153682351112366
0.024318452924489975
0.0035455182660371065
0.18311218917369843
0.15542466938495636
0.03558085113763809
0.02917994000017643
0.061738017946481705
0.7667112350463867
0.004809817764908075
0.014805665239691734
0.09334444254636765
0.7224169969558716
0.22383858263492584
0.1980932652950287
0.11998902261257172
0.30309051275253296
0.48513737320899963
0.19412881135940552
0.46043699979782104
0.11682195216417313
0.28090059757232666
0.45117878913879395
0.20209771394729614
0.18578097224235535
0.12093675136566162
0.26388850808143616
0.05127597972750664
0.13235875964164734
0.039039552211761475
0.027057427912950516
0.16362616419792175
0.0026931155007332563
0.7302343845367432
0.013134587556123734
0.2422725260257721
0.3256286382675171
0.02330704592168331
0.046189527958631516
0.045724865049123764
0.4997125566005707
0.5982840657234192
0.08858571946620941
0.37451449036598206
0.2888301610946655
0.19731871783733368
0.1793520152568817
0.17508409917354584
0.158372163772583
0.27467894554138184
0.7302653789520264
0.25864577293395996
0.18939509987831116
0.10961627215147018
0.016827169805765152
0.3378659784793854
0.016465114429593086
0.5385124683380127
0.4612351655960083
0.09044024348258972
0.2273956835269928
0.0909484252333641
0.20727738738059998
0.27304285764694214
0.05364511162042618
0.110506072640419
0.15491588413715363
0.26495859026908875
0.19727715849876404
0.05228543281555176
0.08510368317365646
0.025233296677470207
0.013689007610082626
0.021758733317255974
0.36123648285865784
0.012119469232857227
0.011196397244930267
0.002267669653519988
0.47332873940467834
0.3904460370540619
0.02713041938841343
0.26440149545669556
0.04670087993144989
0.12382283061742783
0.12879392504692078
0.10814730823040009
0.03804098069667816
0.027095163241028786
