5.151108264923096
1.3913062810897827
1.0774869918823242
1.2312320470809937
1.034317970275879
0.8510745167732239
1.733682632446289
0.9087832570075989
0.859327495098114
1.3725942373275757
0.8379940390586853
1.4223999977111816
0.8177675008773804
1.1901137828826904
1.1357101202011108
0.8387647271156311
1.4793851375579834
0.8137378692626953
0.7938892245292664
1.4101547002792358
0.8581418395042419
0.9984602928161621
0.8395878076553345
0.9920912981033325
0.95563805103302
0.7961463928222656
0.8343335390090942
0.7521919012069702
0.9034476280212402
1.2107934951782227
0.7432008385658264
0.9376159906387329
0.7983947396278381
1.3299874067306519
0.8353079557418823
0.9260071516036987
0.7465778589248657
1.1440136432647705
1.1548919677734375
0.7031157612800598
0.7845134139060974
0.800941526889801
0.678053617477417
0.6662434339523315
0.7913658618927002
0.5916981101036072
0.5352271199226379
1.0345081090927124
0.5693368911743164
0.6558400392532349
0.6529114246368408
0.43618810176849365
0.4647367596626282
0.6587818264961243
1.2987746000289917
1.0632927417755127
0.89511638879776
1.1802345514297485
0.5778952836990356
0.5463562607765198
0.6583423018455505
0.45684972405433655
0.5873364210128784
1.0723025798797607
0.6069426536560059
0.4495392143726349
0.5318435430526733
0.7364376187324524
0.5160297155380249
0.6645376086235046
0.5890432000160217
0.5172898769378662
0.9865565299987793
0.5062633752822876
0.4038704037666321
0.4510786235332489
0.4751787483692169
0.7240337133407593
0.5456656813621521
0.5718845129013062
0.5551895499229431
0.3233851492404938
1.114963412284851
0.4682610332965851
0.6578586101531982
0.6043219566345215
0.5027294754981995
0.6459982991218567
0.4744700789451599
0.5605401992797852
0.3983781933784485
0.39883512258529663
0.722762405872345
0.6953251361846924
0.5510602593421936
0.9108808040618896
0.5462508797645569
0.9778648614883423
0.3820204734802246
0.5082860589027405
0.5938540697097778
0.5921692252159119
0.5093281269073486
0.26717162132263184
0.508952796459198
0.2397119253873825
0.4388892352581024
0.2417939454317093
0.49457642436027527
0.2107219099998474
0.6041825413703918
0.5991623401641846
0.1742570549249649
0.1598602682352066
0.05798177048563957
0.2322227656841278
0.1999167650938034
0.6361613869667053
0.14172637462615967
0.23567739129066467
0.1502281278371811
0.32099756598472595
0.48177996277809143
0.5315225720405579
0.6614013314247131
0.6549567580223083
0.4580700397491455
0.2964548170566559
0.32786881923675537
0.4292927086353302
0.22414569556713104
0.39082735776901245
0.5210537314414978
0.8940939903259277
0.5214576721191406
0.6657184958457947
0.4509121775627136
0.8045767545700073
0.3393528461456299
0.43148741126060486
0.4090196490287781
0.242691770195961
0.13718731701374054
0.2532884180545807
0.2999412715435028
0.3470321595668793
0.34419530630111694
0.25163570046424866
0.21074236929416656
0.13642123341560364
0.230559840798378
0.8974234461784363
0.24786294996738434
0.3934984505176544
0.9653701186180115
0.27957069873809814
0.15457405149936676
0.4155283570289612
0.3495993912220001
0.3340111970901489
1.055216908454895
0.6512064933776855
0.6991391777992249
0.3186793327331543
0.12042746692895889
0.5250619053840637
0.20277783274650574
0.6717692017555237
0.27800026535987854
0.14707671105861664
0.30043017864227295
0.3027689456939697
0.1973758488893509
0.3386997580528259
0.12016749382019043
0.1259763240814209
0.11047659814357758
0.10054448992013931
0.14968696236610413
0.03917578607797623
0.2125168889760971
0.5680633187294006
0.05535174906253815
0.445407509803772
0.12497612833976746
0.03166583180427551
0.8119300007820129
0.7589306831359863
0.13728700578212738
0.7753427028656006
0.6414843797683716
0.3785603940486908
0.31330975890159607
0.24019835889339447
0.5624606013298035
0.29413196444511414
0.2501843273639679
0.33765387535095215
0.2796221375465393
0.178337961435318
